  A B R A C A D A B R A
  x
  0 1 2 3 4 5 6 7 8 9 10
A 1
B 0
C 0
D 0
R 0

  x
  0 1 2 3 4 5 6 7 8 9 10
A 1 1
B 0 2
C 0 0
D 0 0
R 0 0

  x
  0 1 2 3 4 5 6 7 8 9 10
A 1 1 1
B 0 2 2
C 0 0 0
D 0 0 0
R 0 0 3

  x-x
  0 1 2 3 4 5 6 7 8 9 10
A 1 1 1 4
B 0 2 0 0
C 0 0 0 0
D 0 0 0 0
R 0 0 3 0

  A B R A C A D A B R A
    x
  0 1 2 3 4 5 6 7 8 9 10
A 1 1 1 4 1
B 0 2 0 0 2
C 0 0 0 0 5
D 0 0 0 0 0
R 0 0 3 0 0

  A B R A C A D A B R A
    x
  0 1 2 3 4 5 6 7 8 9 10
A 1 1 1 4 1 6
B 0 2 0 0 2 2
C 0 0 0 0 5 0
D 0 0 0 0 0 0
R 0 0 3 0 0 0

  A B R A C A D A B R A
    x
  0 1 2 3 4 5 6 7 8 9 10
A 1 1 1 4 1 6 1
B 0 2 0 0 2 2 2
C 0 0 0 0 5 0 0
D 0 0 0 0 0 0 7
R 0 0 3 0 0 0 0

  A B R A C A D A B R A
    x
  0 1 2 3 4 5 6 7 8 9 10
A 1 1 1 4 1 6 1 8
B 0 2 0 0 2 2 2 2
C 0 0 0 0 5 0 0 0
D 0 0 0 0 0 0 7 0
R 0 0 3 0 0 0 0 0

  A B R A C A D A B R A
    x-x
  0 1 2 3 4 5 6 7 8 9 10
A 1 1 1 4 1 6 1 8 1
B 0 2 0 0 2 2 2 2 9
C 0 0 0 0 5 0 0 0 0
D 0 0 0 0 0 0 7 0 0
R 0 0 3 0 0 0 0 0 0

  A B R A C A D A B R A
      x-x
  0 1 2 3 4 5 6 7 8 9 10
A 1 1 1 4 1 6 1 8 1 1
B 0 2 0 0 2 2 2 2 9 0
C 0 0 0 0 5 0 0 0 0 0
D 0 0 0 0 0 0 7 0 0 0
R 0 0 3 0 0 0 0 0 0 10

  A B R A C A D A B R A
        x-x
  0 1 2 3 4 5 6 7 8 9 10
A 1 1 1 4 1 6 1 8 1 1 11
B 0 2 0 0 2 2 2 2 9 0 0
C 0 0 0 0 5 0 0 0 0 0 0
D 0 0 0 0 0 0 7 0 0 0 0
R 0 0 3 0 0 0 0 0 0 100