N = 2
    1/2
    1
2
    1/2
    2
1

N = 3
    1/4
    1
        2
            3
    1/4
            3
        2
    1
    1/2
        2
    1       3

N = 4
        1/24
    1
        2
            3
                4

         1/24

        1
            2
          3    4

        1 / 24
        1
            3
          2   4


        1/24
        1
            4
          2
            3



        1/24  上边树的换一种方式排序
    4
        3
            2
                1

        。。。

        1/6
        2
    1       3
                4
        1/6
        2
    1       4
                3
            1/6
            3
         2      4
    1

            3
        1       4
          2