4 5 0.35
1 5 0.32
0 4 0.38
2 3 0.17
0 2 0.26
1 2 0.36
1 3 0.29
6 2 0.40
3 6 0.52
6 0 0.58
6 4 0.93


↓　过程会是如下

0 2 0.26 - min
0 4 0.38
6 0 0.58

            mst + 0 2 0.26
2 3 0.17 -min
1 2 0.36
0 4 0.38
6 2 0.40
6 0 0.58
             mst + 0 2 0.26
                   2 3 0.17
1 3 0.29 -min
1 2 0.36
0 4 0.38
6 2 0.40
6 0 0.58
3 6 0.52

            mst + 0 2 0.26
                   2 3 0.17
                   1 3 0.29

1 5 0.32 -min
1 2 0.36
0 4 0.38
6 2 0.40
6 0 0.58
3 6 0.52
                mst + 0 2 0.26
                   2 3 0.17
                   1 3 0.29
                   1 5 0.32
4 5 0.35 -min
1 2 0.36
0 4 0.38
6 2 0.40
6 0 0.58
3 6 0.52

             mst + 0 2 0.26
                   2 3 0.17
                   1 3 0.29
                   1 5 0.32
                   4 5 0.35

1 2 0.36  un
0 4 0.38  un
6 2 0.40  -min
6 0 0.58
3 6 0.52
6 4 0.93

             mst + 0 2 0.26
                   2 3 0.17
                   1 3 0.29
                   1 5 0.32
                   4 5 0.35
                   6 2 0.40  -



