4 5 0.35
5 4 0.35
4 7 0.37
5 7 0.28
7 5 0.28
5 1 0.32
0 4 0.38
0 2 0.26
7 3 0.39
1 3 0.29
2 7 0.34
6 2 0.40
3 6 0.52
6 0 0.58
6 4 0.93


q 2-7 0.34  0-4 0.38
0 0.0
1
2 0 2 0.26
3
4
5
6
7


q 7 5 0.28 0-4 0.38 7 3 0.39
0 0.0
1
2 0 2 0.26
3
4
5
6
7 0 2 0.26 2-7 0.34

q 5 7 0.28 5 1 0.32 5 4 0.35 0-4 0.38 7 3 0.39

0 0.0
1
2 0 2 0.26
3
4
5 0 2 0.26 2-7 0.34 7 5 0.28
6
7 0 2 0.26 2-7 0.34

q 1 3 0.29 5 4 0.35 0-4 0.38 7 3 0.39
0 0.0
1 0 2 0.26 2-7 0.34 7 5 0.28 5 1 0.32
2 0 2 0.26
3
4
5 0 2 0.26 2-7 0.34 7 5 0.28
6
7 0 2 0.26 2-7 0.34


q 5 4 0.35 0-4 0.38 7 3 0.39   3 6 0.52

0 0.0
1 0 2 0.26 2-7 0.34 7 5 0.28 5 1 0.32
2 0 2 0.26
3 0 2 0.26 2-7 0.34 7 5 0.28 5 1 0.32 1 3 0.29
4
5 0 2 0.26 2-7 0.34 7 5 0.28
6
7 0 2 0.26 2-7 0.34


q 4 7 0.37 0-4 0.38 7 3 0.39   3 6 0.52

0 0.0
1 0 2 0.26 2-7 0.34 7 5 0.28 5 1 0.32
2 0 2 0.26
3 0 2 0.26 2-7 0.34 7 5 0.28 5 1 0.32 1 3 0.29
4 0 2 0.26 2-7 0.34 7 5 0.28 5 4 0.35
5 0 2 0.26 2-7 0.34 7 5 0.28
6
7 0 2 0.26 2-7 0.34


??? 乱了
q 0-4 0.38 7 3 0.39   3 6 0.52

0 0.0
1 0 2 0.26 2-7 0.34 7 5 0.28 5 1 0.32
2 0 2 0.26
3 0 2 0.26 2-7 0.34 7 5 0.28 5 1 0.32 1 3 0.29
4 0-4 0.38
5 0-4 0.38 4 5 0.35
6
7 0 2 0.26 2-7 0.34